0000000000000000
0000000000000000
0000000000000000
0000000000000000
0000000000000000
0000001111100000
0000010000010000
0000100000001000
0001011101110100
0001010001000100
0001010101010100
0001000000000100
0001000000000100
0001000000000100
0001000000000100
1111212212212111
$
0000000000000000
0000000000000000
0000000000000000
0000000000000000
0000000000000000
0000000000000000
0000001111100000
0000010000010000
0000100000001000
0001011101110100
0001010001000100
0001010101010100
0001000000000100
0001000000000100
0001000000000100
1111122122122111
$
0000000000000000
0000000000000000
0000000000000000
0000000000000000
0000000000000000
0000001111100000
0000010000010000
0000100000001000
0001000000000100
0001011101110100
0001010001000100
0001010101010100
0001000000000100
0001000000000100
0001000000000100
1111221221221111
$