0000000000000000
0000000111110000
0000011000001000
0000100000000100
0001000010000100
0001000001111000
0001000000010000
0000100011110000
0000010000100000
0000010000100000
0000100000100000
0000100000010000
0000100000010000
0001000000010000
0001000000010000
0010000000010000
0010000000010000
0010000000010000
0001000000100000
0001000000100000
0001000000100000
0001000000100000
0001000000010000
1111222222211111
$
0000000000000000
0000011111100000
0000100000010000
0001000000001000
0010000100001000
0010000011110000
0010010000100000
0001001111100000
0110100000011000
1000000000000100
1000000000000010
1001000000000001
1001000000011001
1000100000010010
0100100000010010
0011000000011100
0001000000010000
0001000000010000
0001000000010000
0001000000010000
0001000000010000
0001000000010000
0001000000010000
1111222222211111
$
0000000000000000
0000000111110000
0000011000001000
0000100000000100
0001000010000100
0001000001111000
0001000000010000
0000100011110000
0000010000100000
0000010000100000
0000100000100000
0000100000010000
0000100000010000
0001000000010000
0001000000010000
0010000000010000
0010000000010000
0010000000010000
0001000000010000
0001000000001000
0001000000001000
0001000000001000
0001000000001100
1111222222221111
$
0000000000000000
0000000111110000
0000011000001000
0000100000000100
0001000010000100
0001000001111000
0001000000010000
0000100011110000
0000010000100000
0000010000100000
0000100000100000
0000100000010000
0000100000010000
0001000000010000
0001000000010000
0010000000010000
0010000000010000
0010000000010000
0001000000010000
0001000000001000
0001000000001000
0001000000001000
0010000000000100
1112222222222111
$
0000000000000000
0000000111110000
0000011000001000
0000100000000100
0001000010000100
0001000001111000
0001000000010000
0000100011110000
0000010000100000
0000010000100000
0000100000100000
0000100000010000
0000100000010000
0001000000010000
0001000000010000
0010000000010000
0010000000010000
0010000000010000
0001000000001000
0001000000000100
0001000000000100
0010000000000100
0010000000000010
1112222222222211
$
0000000000000000
0000000000000000
0000000111110000
0000011000001000
0000100000000100
0001000010000100
0001000001111000
0001000000010000
0000100011110000
0000100000100000
0000100000100000
0001000000100000
0001000000010000
0001000000010000
0001000000010000
0010000000010000
0010000000010000
0010000000010000
0010000000001000
0001000000000100
0010000000000100
0010000000000010
0100000000000010
1122222222222211
$
0000000000000000
0000000000000000
0000000000000000
0000000011111000
0000001100000100
0000010000000010
0000100001000010
0000100000111100
0000100000001000
0000010001111000
0000010000100000
0000100000100000
0001000000100000
0001000000100000
0010000000110000
0010000000001000
0100000000001000
0100000000110000
0100000000100000
0010000000100000
0010000000010000
0001000000010000
0011000000010000
1111222222211111
$
0000000000000000
0000001111100000
0000110000010000
0001000000001000
0010000100001000
0010000011110000
0010000000100000
0001000111100000
0001000001000000
0001000001000000
0010000001000000
0010000000100000
0010000000100000
0010000000100000
0100000000100000
0100000000100000
0100000000100000
0100000000010000
0010000000001100
0100001110000010
0100010001000100
0100100001001000
0011100000110000
0000000000000000
$
0000000000000000
0000001111000000
0000010000111000
0000100000000100
0000100000000010
0000100001000010
0000010000111100
0000010000010000
0000001001110000
0000010000100000
0000100000100000
0001000000100000
0001000000100000
0001000000100000
0010000000100000
0010000000100000
0010000000100000
0010000000010000
0100000000001100
0100000000001010
1000000000000010
1000000000000010
1000000000000100
1222222222222111
$
0000000000000000
0000001111000000
0000010000111000
0000100000000100
0000100000000010
0000100001000010
0000010000111100
0000010000010000
0000001001110000
0000010000100000
0000100000100000
0001000000100000
0001000000100000
0001000000100000
0010000000100000
0010000000010000
0010000000001000
0100000000000101
1000000000000011
1000000000000001
1000000000000001
1000000000000001
0100000000000001
1122222222222221
$